0,1,2
1,GBPUSD,"[[573.4, 185.0], [359.23, 85.0], [273.72, 210.0], [229.82, 110.0], [89.49, 60.0], [38.5, 35.0], [-75.65, 135.0], [-125.1, 10.0], [-492.19, 160.0]]"
1,GBPUSD,"[[392.41, 210.0], [360.21, 85.0], [243.24, 60.0], [234.85, 110.0], [94.16, 135.0], [7.2, 10.0], [-37.85, 160.0], [-102.28, 185.0], [-177.64, 35.0]]"
1,GBPUSD,"[[121.2, 35.0], [99.24, 185.0], [92.0, 160.0], [30.0, 10.0], [10.3, 135.0], [-30.55, 110.0], [-56.39, 85.0], [-84.47, 210.0], [-144.11, 60.0]]"
1,GBPUSD,"[[373.16, 85.0], [245.61, 60.0], [243.17, 110.0], [-4.74, 35.0], [-9.0, 10.0], [-206.21, 135.0], [-301.13, 160.0], [-492.18, 185.0], [-494.35, 210.0]]"
1,GBPUSD,"[[291.06, 135.0], [193.79, 160.0], [124.35, 185.0], [86.58, 210.0], [-18.43, 110.0], [-90.4, 10.0], [-136.9, 35.0], [-465.56, 60.0], [-493.4, 85.0]]"
1,GBPUSD,"[[280.72, 185.0], [263.47, 210.0], [144.48, 60.0], [64.24, 85.0], [21.8, 10.0], [-33.48, 110.0], [-51.91, 35.0], [-52.03, 135.0], [-466.45, 160.0]]"
1,GBPUSD,"[[332.0, 210.0], [327.94, 160.0], [305.67, 185.0], [302.48, 135.0], [132.93, 60.0], [125.46, 35.0], [-16.6, 10.0], [-191.89, 85.0], [-210.04, 110.0]]"
1,GBPUSD,"[[126.33, 35.0], [-27.75, 135.0], [-41.1, 10.0], [-152.54, 60.0], [-322.01, 160.0], [-368.84, 185.0], [-418.18, 210.0], [-492.62, 110.0], [-493.06, 85.0]]"
1,GBPUSD,"[[371.0, 185.0], [343.95, 160.0], [300.35, 135.0], [248.65, 110.0], [187.95, 85.0], [51.16, 35.0], [-10.6, 10.0], [-168.65, 60.0], [-191.91, 210.0]]"
1,GBPUSD,"[[347.73, 160.0], [124.98, 60.0], [55.6, 35.0], [-18.1, 10.0], [-34.35, 135.0], [-151.44, 85.0], [-493.34, 185.0], [-494.1, 110.0], [-520.12, 210.0]]"
1,GBPUSD,"[[277.41, 135.0], [238.2, 110.0], [160.23, 85.0], [156.47, 160.0], [109.6, 60.0], [55.8, 35.0], [-29.3, 10.0], [-493.9, 210.0], [-493.9, 185.0]]"
1,GBPUSD,"[[228.7, 110.0], [211.04, 35.0], [175.83, 85.0], [7.59, 60.0], [-56.3, 10.0], [-96.65, 135.0], [-494.38, 210.0], [-494.45, 160.0], [-498.8, 185.0]]"
1,GBPUSD,"[[374.18, 210.0], [350.81, 185.0], [322.72, 160.0], [280.72, 135.0], [232.39, 110.0], [175.61, 85.0], [124.84, 35.0], [113.71, 60.0], [55.5, 10.0]]"
1,GBPUSD,"[[374.18, 210.0], [350.81, 185.0], [322.72, 160.0], [280.72, 135.0], [232.39, 110.0], [175.61, 85.0], [124.84, 35.0], [113.71, 60.0], [55.5, 10.0]]"
1,GBPUSD,"[[1540.0, 210.0], [1265.39, 185.0], [1022.71, 160.0], [803.78, 135.0], [122.19, 110.0], [81.44, 35.0], [-72.7, 10.0], [-112.43, 60.0], [-494.36, 85.0]]"
1,GBPUSD,"[[826.85, 210.0], [730.16, 185.0], [624.78, 160.0], [524.73, 135.0], [117.02, 60.0], [57.21, 110.0], [51.41, 35.0], [40.83, 85.0], [-84.8, 10.0]]"
1,GBPUSD,"[[387.24, 135.0], [313.78, 110.0], [235.42, 85.0], [32.88, 210.0], [32.2, 10.0], [-40.56, 60.0], [-252.1, 35.0], [-494.36, 185.0], [-494.53, 160.0]]"
1,GBPUSD,"[[165.43, 60.0], [87.78, 110.0], [83.0, 85.0], [-106.1, 35.0], [-125.4, 10.0], [-494.11, 185.0], [-494.11, 160.0], [-494.65, 135.0], [-495.0, 210.0]]"
1,GBPUSD,"[[138.07, 210.0], [136.23, 185.0], [-36.7, 35.0], [-39.3, 10.0], [-86.37, 85.0], [-180.2, 60.0], [-231.47, 110.0], [-493.57, 135.0], [-493.92, 160.0]]"
1,GBPUSD,"[[125.54, 60.0], [120.53, 35.0], [8.2, 10.0], [-154.8, 85.0], [-493.64, 135.0], [-493.95, 160.0], [-494.05, 185.0], [-494.1, 110.0], [-495.35, 210.0]]"
1,GBPUSD,"[[6.67, 60.0], [-34.1, 10.0], [-97.9, 35.0], [-126.74, 85.0], [-203.15, 110.0], [-493.73, 185.0], [-493.88, 160.0], [-494.11, 135.0], [-494.21, 210.0]]"
1,GBPUSD,"[[426.67, 160.0], [350.92, 135.0], [275.87, 110.0], [143.45, 210.0], [0.3, 35.0], [-42.5, 10.0], [-119.07, 60.0], [-257.1, 85.0], [-496.53, 185.0]]"
1,GBPUSD,"[[805.93, 185.0], [784.23, 210.0], [617.48, 160.0], [373.99, 135.0], [302.14, 110.0], [144.49, 60.0], [56.4, 10.0], [-18.08, 85.0], [-51.93, 35.0]]"
1,GBPUSD,"[[55.02, 160.0], [27.71, 60.0], [6.5, 10.0], [-0.3, 35.0], [-0.77, 85.0], [-27.87, 110.0], [-106.75, 135.0], [-309.31, 210.0], [-325.31, 185.0]]"
1,GBPUSD,"[[135.85, 85.0], [117.13, 135.0], [72.53, 60.0], [33.9, 35.0], [15.9, 10.0], [-152.78, 110.0], [-493.61, 160.0], [-493.71, 185.0], [-494.21, 210.0]]"
1,GBPUSD,"[[802.93, 135.0], [325.9, 160.0], [288.11, 60.0], [245.68, 110.0], [185.17, 85.0], [156.38, 35.0], [31.9, 10.0], [-27.68, 210.0], [-60.89, 185.0]]"
1,GBPUSD,"[[802.93, 135.0], [325.9, 160.0], [288.11, 60.0], [245.68, 110.0], [185.17, 85.0], [156.38, 35.0], [31.9, 10.0], [-27.68, 210.0], [-60.89, 185.0]]"
1,GBPUSD,"[[392.03, 135.0], [287.28, 60.0], [236.2, 85.0], [58.83, 110.0], [54.46, 160.0], [18.56, 35.0], [-41.0, 10.0], [-236.67, 185.0], [-364.99, 210.0]]"
1,GBPUSD,"[[132.87, 60.0], [78.72, 85.0], [62.05, 210.0], [47.41, 185.0], [-10.7, 10.0], [-36.9, 35.0], [-214.58, 110.0], [-237.96, 160.0], [-262.9, 135.0]]"
1,GBPUSD,"[[287.77, 160.0], [80.18, 35.0], [-17.07, 60.0], [-59.4, 10.0], [-324.32, 185.0], [-341.7, 85.0], [-380.14, 210.0], [-494.01, 135.0], [-494.12, 110.0]]"
1,GBPUSD,"[[236.58, 60.0], [159.49, 185.0], [121.61, 35.0], [99.58, 160.0], [92.75, 210.0], [36.72, 85.0], [15.7, 10.0], [-93.5, 110.0], [-117.51, 135.0]]"
1,GBPUSD,"[[598.32, 85.0], [581.71, 210.0], [539.23, 185.0], [508.47, 160.0], [465.63, 135.0], [382.26, 60.0], [202.48, 35.0], [98.49, 110.0], [53.3, 10.0]]"
1,GBPUSD,"[[42.3, 10.0], [-153.93, 185.0], [-175.64, 35.0], [-235.07, 210.0], [-263.91, 135.0], [-333.23, 160.0], [-493.91, 60.0], [-493.96, 85.0], [-494.1, 110.0]]"
1,GBPUSD,"[[9.62, 85.0], [-3.05, 60.0], [-19.2, 10.0], [-141.3, 35.0], [-294.6, 110.0], [-493.89, 210.0], [-494.12, 160.0], [-494.17, 135.0], [-494.22, 185.0]]"
1,GBPUSD,"[[249.5, 160.0], [234.46, 210.0], [208.56, 185.0], [54.4, 10.0], [45.63, 60.0], [26.13, 85.0], [18.9, 35.0], [-250.81, 110.0], [-395.99, 135.0]]"
1,GBPUSD,"[[123.48, 185.0], [88.46, 210.0], [56.01, 60.0], [-19.92, 110.0], [-42.83, 135.0], [-67.3, 10.0], [-72.22, 85.0], [-281.14, 35.0], [-494.01, 160.0]]"
1,GBPUSD,"[[124.53, 35.0], [20.6, 10.0], [-149.51, 60.0], [-296.65, 85.0], [-493.62, 160.0], [-493.65, 110.0], [-493.79, 135.0], [-493.91, 185.0], [-494.14, 210.0]]"
1,GBPUSD,"[[0.2, 35.0], [-60.26, 135.0], [-60.9, 10.0], [-69.3, 110.0], [-118.08, 185.0], [-135.06, 160.0], [-188.78, 210.0], [-299.81, 60.0], [-493.77, 85.0]]"
1,GBPUSD,"[[490.56, 110.0], [360.24, 85.0], [325.47, 210.0], [241.62, 60.0], [57.7, 35.0], [-18.26, 135.0], [-57.03, 185.0], [-70.18, 160.0], [-87.9, 10.0]]"
1,GBPUSD,"[[490.56, 110.0], [360.24, 85.0], [325.47, 210.0], [241.62, 60.0], [57.7, 35.0], [-18.26, 135.0], [-57.03, 185.0], [-70.18, 160.0], [-87.9, 10.0]]"
1,GBPUSD,"[[-33.47, 35.0], [-60.14, 10.0], [-119.71, 60.0], [-215.56, 85.0], [-469.38, 135.0], [-493.67, 185.0], [-493.7, 110.0], [-493.76, 160.0], [-493.96, 210.0]]"
1,GBPUSD,"[[417.07, 85.0], [389.85, 110.0], [320.98, 135.0], [178.98, 160.0], [-99.2, 10.0], [-141.73, 35.0], [-200.76, 185.0], [-300.96, 210.0], [-373.18, 60.0]]"
1,GBPUSD,"[[110.07, 185.0], [109.67, 210.0], [109.47, 160.0], [-14.2, 10.0], [-43.21, 60.0], [-282.53, 35.0], [-493.59, 85.0], [-493.7, 135.0], [-493.72, 110.0]]"
1,GBPUSD,"[[119.43, 210.0], [98.31, 160.0], [66.72, 60.0], [60.21, 185.0], [52.06, 35.0], [41.99, 85.0], [15.04, 110.0], [-102.7, 10.0], [-216.01, 135.0]]"
1,GBPUSD,"[[218.68, 110.0], [97.38, 135.0], [78.52, 85.0], [57.48, 160.0], [37.03, 60.0], [-0.8, 35.0], [-81.3, 10.0], [-140.31, 185.0], [-366.25, 210.0]]"
1,GBPUSD,"[[220.68, 85.0], [162.14, 135.0], [122.46, 110.0], [68.1, 160.0], [-20.1, 10.0], [-21.15, 185.0], [-46.35, 210.0], [-81.31, 60.0], [-247.17, 35.0]]"
1,GBPUSD,"[[0.17, 60.0], [-13.83, 135.0], [-33.21, 110.0], [-38.43, 35.0], [-55.41, 85.0], [-81.6, 10.0], [-174.2, 160.0], [-420.37, 185.0], [-493.77, 210.0]]"
1,GBPUSD,"[[8.32, 160.0], [-12.81, 135.0], [-18.5, 10.0], [-183.57, 185.0], [-185.74, 35.0], [-493.72, 85.0], [-493.98, 60.0], [-494.0, 210.0], [-494.05, 110.0]]"
1,GBPUSD,"[[246.27, 160.0], [194.17, 185.0], [136.16, 210.0], [-12.07, 35.0], [-28.01, 110.0], [-40.6, 10.0], [-87.99, 135.0], [-235.28, 60.0], [-493.84, 85.0]]"
1,GBPUSD,"[[228.77, 160.0], [201.07, 135.0], [176.88, 85.0], [114.53, 60.0], [105.34, 185.0], [50.52, 35.0], [-67.42, 110.0], [-146.99, 210.0], [-162.7, 10.0]]"
1,GBPUSD,"[[225.47, 110.0], [171.79, 85.0], [119.57, 35.0], [-71.08, 60.0], [-112.3, 10.0], [-188.19, 135.0], [-316.68, 160.0], [-338.1, 210.0], [-403.32, 185.0]]"
1,GBPUSD,"[[461.08, 210.0], [413.68, 185.0], [377.03, 85.0], [287.85, 60.0], [72.43, 35.0], [56.23, 110.0], [-25.74, 135.0], [-57.5, 10.0], [-75.05, 160.0]]"
1,GBPUSD,"[[461.08, 210.0], [413.68, 185.0], [377.03, 85.0], [287.85, 60.0], [72.43, 35.0], [56.23, 110.0], [-25.74, 135.0], [-57.5, 10.0], [-75.05, 160.0]]"
1,GBPUSD,"[[422.63, 135.0], [325.24, 210.0], [293.69, 185.0], [262.64, 160.0], [-62.97, 85.0], [-71.11, 35.0], [-83.5, 10.0], [-87.3, 110.0], [-129.03, 60.0]]"
1,GBPUSD,"[[383.02, 60.0], [308.4, 160.0], [301.9, 185.0], [281.89, 210.0], [245.88, 135.0], [205.07, 110.0], [7.01, 85.0], [-60.5, 10.0], [-131.07, 35.0]]"
1,GBPUSD,"[[793.4, 185.0], [719.09, 160.0], [709.97, 210.0], [699.12, 110.0], [587.08, 135.0], [511.63, 85.0], [350.19, 60.0], [-61.2, 10.0], [-106.07, 35.0]]"
1,GBPUSD,"[[48.5, 35.0], [18.33, 60.0], [-54.3, 10.0], [-62.3, 85.0], [-149.87, 110.0], [-199.81, 135.0], [-493.85, 185.0], [-493.88, 160.0], [-494.49, 210.0]]"
1,GBPUSD,"[[447.88, 210.0], [404.44, 185.0], [372.77, 160.0], [288.85, 135.0], [273.61, 110.0], [248.53, 85.0], [124.01, 60.0], [-10.84, 35.0], [-17.53, 10.0]]"
1,GBPUSD,"[[581.34, 135.0], [511.42, 210.0], [477.7, 160.0], [465.67, 185.0], [462.7, 110.0], [21.94, 85.0], [-6.74, 35.0], [-51.8, 10.0], [-90.2, 60.0]]"
1,GBPUSD,"[[574.39, 160.0], [492.92, 135.0], [416.48, 110.0], [399.95, 185.0], [382.76, 60.0], [341.06, 85.0], [304.44, 210.0], [56.85, 35.0], [18.3, 10.0]]"
1,GBPUSD,"[[202.97, 60.0], [155.96, 35.0], [42.6, 10.0], [11.85, 210.0], [-8.7, 185.0], [-18.6, 85.0], [-31.93, 160.0], [-43.4, 110.0], [-68.34, 135.0]]"
1,GBPUSD,"[[280.02, 110.0], [44.22, 210.0], [44.22, 185.0], [44.22, 160.0], [44.22, 135.0], [32.62, 85.0], [-16.12, 35.0], [-20.4, 10.0], [-107.08, 60.0]]"
1,GBPUSD,"[[6.53, 10.0], [-189.0, 210.0], [-189.0, 185.0], [-189.0, 160.0], [-189.0, 135.0], [-202.35, 85.0], [-224.85, 110.0], [-292.69, 60.0], [-336.12, 35.0]]"
1,GBPUSD,"[[228.97, 210.0], [228.97, 185.0], [228.97, 160.0], [210.35, 135.0], [156.43, 35.0], [92.55, 110.0], [42.1, 10.0], [-102.27, 85.0], [-195.93, 60.0]]"
1,GBPUSD,"[[85.47, 160.0], [56.13, 185.0], [-9.14, 210.0], [-15.27, 110.0], [-35.64, 85.0], [-77.93, 135.0], [-81.7, 10.0], [-162.77, 60.0], [-331.71, 35.0]]"
1,GBPUSD,"[[85.47, 160.0], [56.13, 185.0], [-9.14, 210.0], [-15.27, 110.0], [-35.64, 85.0], [-77.93, 135.0], [-81.7, 10.0], [-162.77, 60.0], [-331.71, 35.0]]"
1,GBPUSD,"[[408.0, 160.0], [395.18, 185.0], [375.95, 210.0], [372.04, 110.0], [370.85, 135.0], [356.3, 85.0], [232.61, 60.0], [121.42, 35.0], [-9.7, 10.0]]"
1,GBPUSD,"[[1118.94, 135.0], [1069.14, 160.0], [855.77, 110.0], [599.24, 85.0], [424.63, 210.0], [404.66, 185.0], [119.02, 60.0], [50.45, 35.0], [-82.3, 10.0]]"
1,GBPUSD,"[[100.42, 160.0], [72.43, 35.0], [67.97, 135.0], [-50.7, 10.0], [-94.28, 210.0], [-118.48, 185.0], [-129.31, 85.0], [-154.35, 60.0], [-230.08, 110.0]]"
1,GBPUSD,"[[34.83, 35.0], [-30.9, 10.0], [-201.99, 85.0], [-213.46, 60.0], [-473.8, 110.0], [-494.02, 135.0], [-494.07, 160.0], [-494.15, 210.0], [-494.94, 185.0]]"
1,GBPUSD,"[[10.98, 85.0], [0.13, 60.0], [-20.4, 10.0], [-34.82, 110.0], [-86.77, 135.0], [-140.78, 160.0], [-141.67, 35.0], [-230.18, 185.0], [-252.82, 210.0]]"
1,GBPUSD,"[[216.76, 135.0], [108.73, 160.0], [58.96, 110.0], [44.85, 185.0], [-0.67, 35.0], [-27.82, 210.0], [-70.9, 10.0], [-78.55, 85.0], [-226.09, 60.0]]"
1,GBPUSD,"[[54.14, 210.0], [45.03, 185.0], [35.75, 60.0], [18.0, 10.0], [8.01, 160.0], [7.86, 135.0], [1.86, 85.0], [-62.02, 35.0], [-145.73, 110.0]]"
1,GBPUSD,"[[121.0, 210.0], [89.23, 35.0], [81.54, 110.0], [66.43, 60.0], [57.32, 85.0], [52.9, 10.0], [-156.73, 135.0], [-232.12, 160.0], [-256.04, 185.0]]"
1,GBPUSD,"[[78.35, 35.0], [63.58, 210.0], [36.42, 185.0], [27.11, 160.0], [-13.26, 85.0], [-41.9, 10.0], [-71.69, 135.0], [-119.79, 60.0], [-140.69, 110.0]]"
1,GBPUSD,"[[377.31, 160.0], [339.27, 135.0], [236.92, 210.0], [236.92, 185.0], [235.58, 60.0], [167.15, 85.0], [120.99, 35.0], [17.2, 10.0], [-47.06, 110.0]]"
1,GBPUSD,"[[621.96, 110.0], [489.59, 85.0], [486.0, 160.0], [411.74, 135.0], [334.17, 210.0], [300.1, 185.0], [41.2, 10.0], [33.12, 35.0], [-60.32, 60.0]]"
1,GBPUSD,"[[363.24, 85.0], [306.17, 210.0], [273.8, 185.0], [234.24, 60.0], [48.03, 35.0], [-50.84, 10.0], [-103.08, 135.0], [-106.52, 160.0], [-107.05, 110.0]]"
1,GBPUSD,"[[363.24, 85.0], [306.17, 210.0], [273.8, 185.0], [234.24, 60.0], [48.03, 35.0], [-50.84, 10.0], [-103.08, 135.0], [-106.52, 160.0], [-107.05, 110.0]]"
1,GBPUSD,"[[880.97, 160.0], [726.55, 135.0], [662.53, 210.0], [626.65, 185.0], [611.46, 110.0], [440.49, 85.0], [288.26, 60.0], [156.27, 35.0], [-23.0, 10.0]]"
1,GBPUSD,"[[18.8, 10.0], [-11.94, 85.0], [-53.36, 160.0], [-58.57, 35.0], [-60.3, 210.0], [-60.3, 185.0], [-76.09, 60.0], [-131.2, 110.0], [-207.44, 135.0]]"
1,GBPUSD,"[[595.01, 210.0], [565.79, 185.0], [521.13, 160.0], [476.66, 135.0], [447.18, 110.0], [444.46, 85.0], [307.75, 60.0], [45.79, 35.0], [10.6, 10.0]]"
1,GBPUSD,"[[113.92, 35.0], [42.06, 10.0], [-120.16, 60.0], [-142.46, 110.0], [-169.65, 210.0], [-169.65, 185.0], [-169.65, 160.0], [-189.59, 85.0], [-265.54, 135.0]]"
1,GBPUSD,"[[146.4, 210.0], [146.4, 185.0], [142.01, 160.0], [113.74, 135.0], [88.97, 110.0], [52.8, 10.0], [-94.16, 85.0], [-102.16, 35.0], [-272.75, 60.0]]"
1,GBPUSD,"[[15.16, 10.0], [-344.86, 85.0], [-346.48, 210.0], [-346.48, 185.0], [-346.48, 160.0], [-346.48, 135.0], [-356.47, 110.0], [-400.12, 60.0], [-478.16, 35.0]]"
1,GBPUSD,"[[121.19, 35.0], [64.75, 60.0], [-10.1, 10.0], [-122.75, 110.0], [-159.74, 85.0], [-172.25, 135.0], [-224.96, 210.0], [-224.96, 185.0], [-224.96, 160.0]]"
1,GBPUSD,"[[303.64, 210.0], [240.09, 185.0], [195.19, 160.0], [35.35, 35.0], [-10.0, 10.0], [-52.37, 60.0], [-156.75, 85.0], [-161.16, 110.0], [-167.06, 135.0]]"
1,GBPUSD,"[[235.81, 60.0], [16.6, 10.0], [-5.54, 35.0], [-16.3, 85.0], [-48.92, 110.0], [-249.1, 185.0], [-262.73, 210.0], [-321.66, 135.0], [-493.72, 160.0]]"
1,GBPUSD,"[[100.95, 135.0], [45.41, 160.0], [7.4, 10.0], [-37.84, 35.0], [-161.74, 60.0], [-183.84, 85.0], [-197.9, 110.0], [-261.79, 185.0], [-320.09, 210.0]]"
1,GBPUSD,"[[51.96, 160.0], [24.98, 210.0], [24.98, 185.0], [-12.8, 10.0], [-60.18, 35.0], [-63.19, 60.0], [-254.45, 135.0], [-493.76, 110.0], [-494.01, 85.0]]"
1,GBPUSD,"[[182.7, 85.0], [17.1, 10.0], [-16.94, 110.0], [-133.23, 60.0], [-179.27, 35.0], [-220.61, 135.0], [-227.22, 185.0], [-290.06, 160.0], [-494.27, 210.0]]"
1,GBPUSD,"[[182.7, 85.0], [17.1, 10.0], [-16.94, 110.0], [-133.23, 60.0], [-179.27, 35.0], [-220.61, 135.0], [-227.22, 185.0], [-290.06, 160.0], [-494.27, 210.0]]"
1,GBPUSD,"[[258.53, 85.0], [203.57, 110.0], [101.68, 160.0], [101.21, 135.0], [82.61, 35.0], [60.39, 60.0], [42.2, 10.0], [-51.8, 185.0], [-101.8, 210.0]]"
1,GBPUSD,"[[90.35, 160.0], [70.93, 185.0], [62.46, 135.0], [49.12, 210.0], [48.89, 35.0], [-3.6, 10.0], [-183.29, 60.0], [-234.85, 110.0], [-494.34, 85.0]]"
1,GBPUSD,"[[473.92, 160.0], [471.69, 210.0], [438.1, 185.0], [361.13, 135.0], [114.69, 60.0], [-10.8, 10.0], [-103.63, 35.0], [-162.73, 85.0], [-494.06, 110.0]]"
1,GBPUSD,"[[228.66, 110.0], [174.6, 85.0], [147.06, 135.0], [114.79, 60.0], [-113.9, 10.0], [-146.33, 35.0], [-389.1, 160.0], [-483.39, 185.0], [-493.92, 210.0]]"
1,GBPUSD,"[[259.06, 110.0], [237.67, 60.0], [236.06, 85.0], [154.73, 210.0], [79.08, 160.0], [19.4, 10.0], [17.86, 185.0], [-2.03, 35.0], [-125.06, 135.0]]"
1,GBPUSD,"[[233.46, 60.0], [137.2, 210.0], [64.17, 85.0], [0.1, 10.0], [-74.88, 160.0], [-75.36, 35.0], [-91.75, 135.0], [-183.79, 110.0], [-269.55, 185.0]]"
1,GBPUSD,"[[396.28, 135.0], [297.82, 110.0], [203.05, 85.0], [134.4, 160.0], [125.98, 185.0], [103.85, 35.0], [30.9, 10.0], [-44.79, 60.0], [-87.63, 210.0]]"
1,GBPUSD,"[[354.27, 185.0], [323.95, 160.0], [264.31, 135.0], [195.57, 110.0], [180.42, 210.0], [-35.23, 35.0], [-91.58, 85.0], [-182.2, 10.0], [-287.77, 60.0]]"
1,GBPUSD,"[[202.89, 160.0], [144.11, 135.0], [75.52, 210.0], [75.52, 185.0], [68.37, 35.0], [30.9, 10.0], [-143.18, 110.0], [-155.89, 60.0], [-239.98, 85.0]]"
1,GBPUSD,"[[219.5, 110.0], [218.6, 85.0], [197.42, 60.0], [146.09, 210.0], [143.0, 185.0], [106.18, 160.0], [57.84, 135.0], [-18.4, 10.0], [-70.24, 35.0]]"
1,GBPUSD,"[[-0.4, 35.0], [-41.64, 135.0], [-91.1, 10.0], [-189.65, 160.0], [-201.69, 60.0], [-222.68, 110.0], [-279.91, 185.0], [-332.27, 210.0], [-380.31, 85.0]]"
1,GBPUSD,"[[-21.91, 160.0], [-40.7, 10.0], [-45.93, 35.0], [-58.75, 60.0], [-83.23, 185.0], [-119.84, 110.0], [-122.81, 210.0], [-170.78, 85.0], [-318.92, 135.0]]"
1,GBPUSD,"[[-21.91, 160.0], [-40.7, 10.0], [-45.93, 35.0], [-58.75, 60.0], [-83.23, 185.0], [-119.84, 110.0], [-122.81, 210.0], [-170.78, 85.0], [-318.92, 135.0]]"
1,GBPUSD,"[[35.0, 35.0], [-60.03, 60.0], [-80.9, 10.0], [-247.66, 135.0], [-494.21, 110.0], [-494.26, 160.0], [-494.34, 85.0], [-494.4, 210.0], [-494.47, 185.0]]"
1,GBPUSD,"[[192.75, 160.0], [163.52, 135.0], [131.85, 110.0], [-30.1, 10.0], [-105.2, 35.0], [-170.01, 85.0], [-175.93, 185.0], [-240.5, 60.0], [-494.32, 210.0]]"
1,GBPUSD,"[[235.61, 60.0], [183.05, 85.0], [147.44, 210.0], [120.46, 35.0], [-34.83, 135.0], [-71.1, 10.0], [-167.35, 185.0], [-171.68, 110.0], [-494.24, 160.0]]"
1,GBPUSD,"[[437.63, 85.0], [353.28, 210.0], [299.23, 185.0], [288.05, 60.0], [72.36, 35.0], [31.09, 110.0], [20.1, 10.0], [-61.82, 160.0], [-86.95, 135.0]]"
1,GBPUSD,"[[50.5, 35.0], [32.62, 60.0], [27.29, 85.0], [-60.6, 10.0], [-66.11, 185.0], [-109.06, 210.0], [-131.02, 110.0], [-494.74, 160.0], [-494.74, 135.0]]"
1,GBPUSD,"[[239.06, 60.0], [169.89, 210.0], [158.89, 185.0], [128.38, 160.0], [-49.9, 10.0], [-140.44, 35.0], [-157.8, 135.0], [-194.33, 85.0], [-270.33, 110.0]]"
1,GBPUSD,"[[456.96, 210.0], [417.8, 185.0], [315.7, 160.0], [148.07, 60.0], [48.07, 135.0], [41.3, 10.0], [-68.06, 85.0], [-210.54, 35.0], [-494.85, 110.0]]"
1,GBPUSD,"[[287.1, 60.0], [9.63, 35.0], [-70.7, 10.0], [-77.43, 110.0], [-114.85, 85.0], [-124.03, 135.0], [-344.05, 160.0], [-494.74, 210.0], [-494.9, 185.0]]"
1,GBPUSD,"[[240.8, 135.0], [196.59, 110.0], [144.68, 160.0], [52.49, 35.0], [45.94, 185.0], [10.25, 60.0], [7.96, 210.0], [-92.6, 10.0], [-94.5, 85.0]]"
1,GBPUSD,"[[200.6, 110.0], [130.34, 135.0], [46.22, 160.0], [17.3, 10.0], [-70.23, 35.0], [-90.34, 185.0], [-219.64, 60.0], [-228.15, 210.0], [-495.04, 85.0]]"
1,GBPUSD,"[[-182.52, 35.0], [-489.9, 10.0], [-495.01, 210.0], [-495.01, 185.0], [-495.04, 160.0], [-495.97, 135.0], [-506.29, 60.0], [-535.05, 110.0], [-592.02, 85.0]]"
1,GBPUSD,"[[156.33, 210.0], [121.0, 60.0], [52.33, 35.0], [-30.02, 110.0], [-34.36, 85.0], [-93.6, 10.0], [-495.13, 185.0], [-531.05, 135.0], [-581.36, 160.0]]"
1,GBPUSD,"[[156.33, 210.0], [121.0, 60.0], [52.33, 35.0], [-30.02, 110.0], [-34.36, 85.0], [-93.6, 10.0], [-495.13, 185.0], [-531.05, 135.0], [-581.36, 160.0]]"
1,GBPUSD,"[[38.67, 135.0], [35.17, 35.0], [-47.45, 210.0], [-47.45, 185.0], [-47.45, 160.0], [-71.7, 10.0], [-135.45, 60.0], [-380.24, 85.0], [-495.2, 110.0]]"
1,GBPUSD,"[[305.53, 210.0], [271.29, 185.0], [254.97, 85.0], [248.36, 135.0], [244.97, 160.0], [242.12, 60.0], [124.5, 35.0], [-50.6, 10.0], [-111.68, 110.0]]"
2,GBPUSD,"[[782.12, 85.0], [386.26, 110.0], [279.37, 60.0], [-2.94, 35.0], [-33.9, 10.0], [-93.33, 185.0], [-155.12, 135.0], [-492.75, 160.0], [-492.81, 210.0]]"
2,GBPUSD,"[[328.39, 85.0], [257.52, 210.0], [254.58, 110.0], [75.07, 60.0], [43.4, 10.0], [-41.38, 35.0], [-292.24, 135.0], [-302.33, 160.0], [-492.15, 185.0]]"
2,GBPUSD,"[[-66.2, 10.0], [-212.36, 35.0], [-467.35, 160.0], [-478.4, 135.0], [-492.33, 185.0], [-492.4, 60.0], [-492.55, 210.0], [-493.42, 110.0], [-493.82, 85.0]]"
2,GBPUSD,"[[225.61, 35.0], [200.45, 60.0], [-11.48, 135.0], [-62.4, 10.0], [-277.24, 160.0], [-336.02, 185.0], [-388.66, 210.0], [-473.34, 110.0], [-492.58, 85.0]]"
2,GBPUSD,"[[524.3, 160.0], [464.83, 135.0], [65.3, 35.0], [-42.2, 10.0], [-78.96, 85.0], [-101.4, 60.0], [-206.62, 110.0], [-493.39, 185.0], [-499.87, 210.0]]"
2,GBPUSD,"[[279.11, 110.0], [203.02, 85.0], [193.73, 35.0], [14.48, 60.0], [-79.33, 135.0], [-84.1, 10.0], [-493.9, 210.0], [-493.9, 185.0], [-496.62, 160.0]]"
2,GBPUSD,"[[1084.48, 160.0], [884.23, 135.0], [773.06, 210.0], [700.4, 185.0], [223.23, 35.0], [155.45, 110.0], [-19.03, 10.0], [-105.89, 60.0], [-494.5, 85.0]]"
2,GBPUSD,"[[1268.75, 135.0], [139.5, 35.0], [33.28, 110.0], [15.97, 60.0], [-156.4, 10.0], [-494.33, 210.0], [-494.36, 85.0], [-494.48, 185.0], [-494.98, 160.0]]"
2,GBPUSD,"[[476.35, 110.0], [349.36, 85.0], [147.85, 210.0], [123.98, 60.0], [79.71, 10.0], [-214.8, 35.0], [-494.09, 135.0], [-494.39, 185.0], [-495.0, 160.0]]"
2,GBPUSD,"[[73.87, 60.0], [2.0, 35.0], [-0.5, 85.0], [-36.2, 10.0], [-481.11, 160.0], [-485.57, 110.0], [-493.57, 135.0], [-494.17, 210.0], [-494.2, 185.0]]"
2,GBPUSD,"[[100.24, 110.0], [27.14, 85.0], [-40.0, 10.0], [-165.44, 35.0], [-205.23, 60.0], [-475.33, 185.0], [-493.67, 210.0], [-494.11, 135.0], [-494.28, 160.0]]"
2,GBPUSD,"[[1317.24, 160.0], [552.7, 185.0], [435.89, 210.0], [269.71, 135.0], [138.54, 110.0], [74.27, 10.0], [16.13, 85.0], [-33.21, 35.0], [-106.65, 60.0]]"
2,GBPUSD,"[[698.24, 85.0], [404.83, 110.0], [404.3, 60.0], [205.08, 35.0], [152.26, 135.0], [25.9, 10.0], [-493.61, 160.0], [-493.71, 185.0], [-493.81, 210.0]]"
2,GBPUSD,"[[1080.7, 135.0], [711.52, 110.0], [505.04, 85.0], [359.48, 60.0], [92.2, 35.0], [-68.6, 10.0], [-173.42, 160.0], [-493.98, 210.0], [-494.16, 185.0]]"
2,GBPUSD,"[[100.93, 160.0], [72.56, 135.0], [58.88, 60.0], [-86.2, 10.0], [-140.5, 35.0], [-243.3, 185.0], [-493.96, 210.0], [-493.96, 85.0], [-494.35, 110.0]]"
2,GBPUSD,"[[2194.42, 210.0], [2094.7, 185.0], [1530.96, 160.0], [689.25, 135.0], [659.6, 60.0], [560.67, 85.0], [316.57, 35.0], [73.8, 110.0], [58.9, 10.0]]"
2,GBPUSD,"[[22.48, 10.0], [-317.34, 35.0], [-479.71, 60.0], [-493.53, 185.0], [-493.96, 85.0], [-494.1, 110.0], [-494.11, 135.0], [-495.05, 160.0], [-495.21, 210.0]]"
2,GBPUSD,"[[171.22, 160.0], [112.95, 85.0], [30.26, 35.0], [-16.02, 10.0], [-73.21, 185.0], [-82.59, 60.0], [-161.25, 210.0], [-493.73, 135.0], [-493.94, 110.0]]"
2,GBPUSD,"[[21.8, 10.0], [1.64, 35.0], [-82.54, 60.0], [-493.59, 135.0], [-493.72, 160.0], [-493.75, 110.0], [-493.91, 185.0], [-493.94, 210.0], [-494.02, 85.0]]"
2,GBPUSD,"[[314.32, 210.0], [5.67, 35.0], [-69.04, 10.0], [-71.7, 110.0], [-95.05, 160.0], [-95.6, 185.0], [-139.8, 135.0], [-152.24, 85.0], [-259.55, 60.0]]"
2,GBPUSD,"[[14.27, 110.0], [-17.66, 60.0], [-121.44, 10.0], [-136.23, 35.0], [-469.48, 135.0], [-493.66, 160.0], [-493.67, 185.0], [-493.86, 210.0], [-494.19, 85.0]]"
2,GBPUSD,"[[9.72, 160.0], [-38.04, 10.0], [-52.57, 185.0], [-66.92, 60.0], [-73.15, 210.0], [-350.5, 35.0], [-467.82, 110.0], [-467.99, 85.0], [-494.0, 135.0]]"
2,GBPUSD,"[[115.18, 135.0], [63.18, 160.0], [23.81, 35.0], [1.84, 60.0], [-17.6, 10.0], [-51.79, 85.0], [-131.13, 110.0], [-468.24, 210.0], [-493.95, 185.0]]"
2,GBPUSD,"[[-108.67, 135.0], [-175.41, 60.0], [-183.4, 10.0], [-357.77, 35.0], [-487.11, 185.0], [-493.57, 210.0], [-493.77, 110.0], [-493.8, 85.0], [-493.94, 160.0]]"
2,GBPUSD,"[[14.13, 35.0], [-66.26, 160.0], [-69.2, 110.0], [-92.26, 210.0], [-152.71, 60.0], [-172.7, 10.0], [-493.74, 135.0], [-493.94, 85.0], [-494.04, 185.0]]"
2,GBPUSD,"[[495.46, 110.0], [273.53, 60.0], [176.51, 35.0], [135.23, 160.0], [109.97, 135.0], [81.9, 85.0], [-92.6, 10.0], [-493.87, 185.0], [-494.05, 210.0]]"
2,GBPUSD,"[[1405.33, 210.0], [1246.11, 185.0], [800.61, 110.0], [643.31, 135.0], [569.06, 85.0], [400.31, 160.0], [103.77, 60.0], [70.78, 35.0], [-220.8, 10.0]]"
2,GBPUSD,"[[1003.54, 60.0], [714.26, 210.0], [711.39, 185.0], [440.09, 110.0], [243.1, 135.0], [239.42, 160.0], [212.52, 85.0], [72.89, 35.0], [-122.1, 10.0]]"
2,GBPUSD,"[[80.34, 60.0], [70.24, 85.0], [55.19, 135.0], [4.59, 110.0], [-83.03, 10.0], [-121.37, 35.0], [-493.85, 185.0], [-493.88, 160.0], [-494.49, 210.0]]"
2,GBPUSD,"[[1113.34, 210.0], [920.69, 110.0], [315.67, 60.0], [262.57, 85.0], [169.46, 185.0], [67.68, 35.0], [24.27, 135.0], [-45.2, 10.0], [-123.25, 160.0]]"
2,GBPUSD,"[[126.51, 35.0], [60.78, 85.0], [33.69, 210.0], [18.41, 10.0], [14.29, 185.0], [-5.86, 60.0], [-8.94, 160.0], [-21.17, 110.0], [-244.73, 135.0]]"
2,GBPUSD,"[[180.89, 135.0], [149.39, 85.0], [93.68, 110.0], [60.03, 10.0], [31.27, 210.0], [31.27, 185.0], [31.27, 160.0], [-150.63, 35.0], [-223.09, 60.0]]"
2,GBPUSD,"[[195.58, 110.0], [189.46, 85.0], [129.64, 160.0], [116.62, 185.0], [39.56, 135.0], [37.19, 210.0], [-7.35, 60.0], [-41.1, 10.0], [-247.98, 35.0]]"
2,GBPUSD,"[[1142.61, 135.0], [1107.44, 85.0], [677.19, 110.0], [434.23, 210.0], [433.69, 185.0], [416.64, 160.0], [297.11, 60.0], [219.45, 35.0], [31.8, 10.0]]"
2,GBPUSD,"[[-0.51, 35.0], [-45.8, 10.0], [-291.04, 160.0], [-473.38, 185.0], [-493.8, 85.0], [-494.0, 210.0], [-494.16, 135.0], [-494.29, 110.0], [-494.3, 60.0]]"
2,GBPUSD,"[[-21.59, 85.0], [-61.1, 10.0], [-92.66, 110.0], [-109.48, 135.0], [-164.5, 160.0], [-175.24, 35.0], [-301.16, 60.0], [-343.95, 185.0], [-494.17, 210.0]]"
2,GBPUSD,"[[468.55, 210.0], [172.62, 60.0], [92.14, 85.0], [71.63, 10.0], [55.41, 35.0], [-57.21, 135.0], [-75.19, 185.0], [-78.92, 160.0], [-101.22, 110.0]]"
2,GBPUSD,"[[291.93, 160.0], [179.74, 35.0], [170.65, 85.0], [127.4, 185.0], [75.46, 60.0], [59.94, 210.0], [-43.5, 10.0], [-52.79, 135.0], [-114.82, 110.0]]"
2,GBPUSD,"[[957.52, 85.0], [262.66, 210.0], [217.42, 110.0], [209.21, 185.0], [128.57, 60.0], [117.54, 35.0], [46.19, 10.0], [-75.01, 160.0], [-78.99, 135.0]]"
2,GBPUSD,"[[1213.01, 210.0], [1077.12, 185.0], [465.84, 60.0], [363.67, 85.0], [325.36, 160.0], [138.66, 35.0], [49.76, 10.0], [-26.46, 110.0], [-42.72, 135.0]]"
2,GBPUSD,"[[224.88, 210.0], [185.02, 185.0], [167.1, 160.0], [149.62, 85.0], [59.8, 10.0], [23.42, 110.0], [16.76, 60.0], [-28.61, 135.0], [-44.58, 35.0]]"
2,GBPUSD,"[[99.45, 10.0], [83.35, 210.0], [83.35, 185.0], [78.96, 160.0], [41.98, 110.0], [5.65, 60.0], [-0.13, 35.0], [-0.58, 85.0], [-53.74, 135.0]]"
2,GBPUSD,"[[59.57, 10.0], [-118.95, 60.0], [-425.73, 210.0], [-425.73, 185.0], [-468.77, 160.0], [-479.26, 35.0], [-493.33, 85.0], [-493.35, 135.0], [-493.41, 110.0]]"
2,GBPUSD,"[[107.94, 60.0], [-3.1, 10.0], [-8.47, 35.0], [-226.68, 85.0], [-319.66, 160.0], [-388.58, 185.0], [-493.59, 135.0], [-493.61, 210.0], [-493.74, 110.0]]"
2,GBPUSD,"[[-5.78, 35.0], [-14.0, 10.0], [-35.69, 160.0], [-169.67, 135.0], [-245.19, 60.0], [-294.82, 85.0], [-355.68, 185.0], [-358.65, 110.0], [-493.84, 210.0]]"
2,GBPUSD,"[[532.43, 85.0], [331.12, 110.0], [155.46, 135.0], [155.0, 160.0], [143.59, 185.0], [21.9, 10.0], [-327.13, 60.0], [-481.84, 35.0], [-493.97, 210.0]]"
2,GBPUSD,"[[51.4, 35.0], [18.6, 10.0], [-0.94, 135.0], [-14.32, 160.0], [-69.62, 185.0], [-179.78, 210.0], [-216.45, 110.0], [-282.07, 60.0], [-391.03, 85.0]]"
2,GBPUSD,"[[391.35, 135.0], [172.97, 60.0], [-39.64, 85.0], [-114.6, 10.0], [-175.49, 160.0], [-252.1, 35.0], [-345.66, 185.0], [-469.94, 210.0], [-494.06, 110.0]]"
2,GBPUSD,"[[465.89, 60.0], [115.43, 85.0], [61.71, 10.0], [-48.56, 210.0], [-102.86, 35.0], [-185.97, 110.0], [-218.84, 160.0], [-493.98, 185.0], [-494.02, 135.0]]"
2,GBPUSD,"[[603.74, 135.0], [455.93, 110.0], [210.78, 160.0], [109.27, 185.0], [75.05, 10.0], [0.78, 85.0], [0.11, 35.0], [-183.15, 60.0], [-192.39, 210.0]]"
2,GBPUSD,"[[64.16, 160.0], [47.57, 10.0], [43.14, 35.0], [20.76, 60.0], [19.16, 135.0], [1.58, 185.0], [-43.87, 110.0], [-53.87, 210.0], [-69.71, 85.0]]"
2,GBPUSD,"[[-49.49, 35.0], [-111.8, 10.0], [-201.66, 60.0], [-494.12, 185.0], [-494.19, 85.0], [-494.27, 210.0], [-494.35, 160.0], [-494.54, 110.0], [-494.58, 135.0]]"
2,GBPUSD,"[[-40.1, 160.0], [-50.9, 10.0], [-56.59, 35.0], [-103.04, 185.0], [-194.97, 60.0], [-209.56, 210.0], [-480.02, 110.0], [-494.23, 85.0], [-494.35, 135.0]]"
2,GBPUSD,"[[-23.62, 85.0], [-60.14, 60.0], [-70.2, 10.0], [-140.4, 35.0], [-165.4, 110.0], [-400.1, 160.0], [-402.39, 135.0], [-494.32, 210.0], [-494.4, 185.0]]"
2,GBPUSD,"[[272.97, 85.0], [83.87, 35.0], [74.87, 210.0], [-3.15, 60.0], [-45.4, 10.0], [-482.41, 185.0], [-494.12, 110.0], [-494.65, 160.0], [-494.8, 135.0]]"
2,GBPUSD,"[[720.72, 210.0], [652.22, 185.0], [494.93, 160.0], [105.18, 135.0], [19.8, 60.0], [-110.6, 10.0], [-351.08, 35.0], [-494.77, 110.0], [-494.83, 85.0]]"
2,GBPUSD,"[[147.53, 60.0], [73.84, 35.0], [-2.2, 10.0], [-54.07, 110.0], [-74.57, 135.0], [-342.4, 85.0], [-494.74, 210.0], [-494.86, 160.0], [-494.9, 185.0]]"
2,GBPUSD,"[[-129.2, 10.0], [-133.74, 35.0], [-495.02, 210.0], [-495.04, 85.0], [-495.17, 160.0], [-495.18, 185.0], [-496.0, 135.0], [-496.75, 60.0], [-498.34, 110.0]]"
2,GBPUSD,"[[139.38, 35.0], [-96.7, 210.0], [-155.1, 10.0], [-181.54, 60.0], [-277.86, 110.0], [-375.05, 85.0], [-495.19, 185.0], [-533.67, 135.0], [-583.98, 160.0]]"
2,GBPUSD,"[[120.23, 35.0], [93.41, 60.0], [33.04, 210.0], [29.22, 135.0], [-81.2, 10.0], [-93.61, 160.0], [-118.31, 185.0], [-129.66, 85.0], [-495.1, 110.0]]"
3,GBPUSD,"[[972.06, 110.0], [627.66, 85.0], [237.97, 135.0], [98.66, 35.0], [77.46, 185.0], [76.75, 60.0], [-65.1, 10.0], [-462.01, 160.0], [-493.4, 210.0]]"
3,GBPUSD,"[[-85.6, 10.0], [-265.47, 35.0], [-474.72, 110.0], [-492.41, 60.0], [-492.47, 85.0], [-492.58, 185.0], [-493.01, 160.0], [-493.85, 135.0], [-494.65, 210.0]]"
3,GBPUSD,"[[190.04, 35.0], [111.37, 135.0], [27.11, 160.0], [-89.9, 10.0], [-138.68, 60.0], [-493.67, 210.0], [-493.82, 110.0], [-493.95, 185.0], [-497.76, 85.0]]"
3,GBPUSD,"[[315.53, 35.0], [178.17, 60.0], [115.8, 85.0], [-83.0, 10.0], [-114.12, 135.0], [-493.34, 185.0], [-494.1, 110.0], [-494.19, 160.0], [-520.12, 210.0]]"
3,GBPUSD,"[[1372.14, 135.0], [652.78, 210.0], [608.49, 185.0], [290.94, 35.0], [40.22, 110.0], [21.1, 60.0], [-112.23, 10.0], [-494.41, 160.0], [-494.5, 85.0]]"
3,GBPUSD,"[[587.67, 110.0], [419.43, 85.0], [242.32, 60.0], [157.05, 35.0], [146.65, 210.0], [-135.5, 10.0], [-494.14, 135.0], [-494.15, 160.0], [-494.85, 185.0]]"
3,GBPUSD,"[[-123.7, 60.0], [-137.78, 35.0], [-187.75, 85.0], [-189.1, 10.0], [-493.47, 135.0], [-493.5, 160.0], [-493.62, 210.0], [-493.76, 185.0], [-494.14, 110.0]]"
3,GBPUSD,"[[2074.42, 160.0], [515.69, 210.0], [355.24, 135.0], [322.52, 110.0], [-33.63, 35.0], [-72.8, 10.0], [-482.8, 60.0], [-494.54, 85.0], [-496.53, 185.0]]"
3,GBPUSD,"[[1249.61, 85.0], [874.73, 110.0], [482.55, 60.0], [289.87, 135.0], [131.43, 35.0], [-77.1, 10.0], [-493.61, 160.0], [-493.71, 185.0], [-494.21, 210.0]]"
3,GBPUSD,"[[382.93, 160.0], [274.8, 135.0], [218.99, 60.0], [-34.94, 35.0], [-124.7, 10.0], [-475.43, 110.0], [-494.09, 85.0], [-494.6, 185.0], [-494.67, 210.0]]"
3,GBPUSD,"[[1388.68, 160.0], [719.06, 185.0], [575.88, 210.0], [105.32, 10.0], [92.26, 60.0], [10.04, 135.0], [-124.03, 35.0], [-345.41, 85.0], [-494.57, 110.0]]"
3,GBPUSD,"[[48.27, 35.0], [-48.6, 10.0], [-75.18, 60.0], [-493.87, 135.0], [-493.89, 210.0], [-494.01, 110.0], [-494.12, 185.0], [-494.44, 85.0], [-494.52, 160.0]]"
3,GBPUSD,"[[-3.0, 10.0], [-9.32, 35.0], [-49.27, 60.0], [-493.64, 210.0], [-493.72, 160.0], [-493.75, 110.0], [-493.79, 135.0], [-493.82, 85.0], [-494.31, 185.0]]"
3,GBPUSD,"[[246.01, 110.0], [205.99, 85.0], [61.61, 135.0], [31.49, 160.0], [-28.01, 60.0], [-113.11, 35.0], [-137.34, 10.0], [-208.88, 210.0], [-383.54, 185.0]]"
3,GBPUSD,"[[-53.26, 160.0], [-108.54, 10.0], [-265.92, 185.0], [-318.1, 35.0], [-493.56, 60.0], [-493.59, 85.0], [-493.6, 135.0], [-493.62, 110.0], [-493.67, 210.0]]"
3,GBPUSD,"[[-92.1, 10.0], [-118.88, 160.0], [-225.98, 60.0], [-476.91, 85.0], [-492.0, 35.0], [-493.76, 135.0], [-493.84, 185.0], [-493.84, 110.0], [-494.03, 210.0]]"
3,GBPUSD,"[[97.56, 35.0], [-39.59, 110.0], [-169.86, 60.0], [-234.9, 10.0], [-373.08, 210.0], [-401.94, 160.0], [-493.74, 135.0], [-493.94, 85.0], [-494.04, 185.0]]"
3,GBPUSD,"[[1499.91, 210.0], [1318.66, 185.0], [647.83, 135.0], [463.54, 60.0], [423.8, 110.0], [422.53, 160.0], [320.61, 85.0], [-249.1, 10.0], [-258.94, 35.0]]"
3,GBPUSD,"[[925.5, 60.0], [78.05, 110.0], [29.47, 85.0], [-5.39, 185.0], [-36.03, 35.0], [-101.7, 135.0], [-152.5, 10.0], [-212.97, 210.0], [-222.97, 160.0]]"
3,GBPUSD,"[[987.84, 110.0], [827.18, 210.0], [386.15, 85.0], [343.0, 60.0], [111.16, 160.0], [98.06, 185.0], [57.56, 35.0], [-16.66, 135.0], [-59.53, 10.0]]"
3,GBPUSD,"[[35.4, 10.0], [-289.31, 60.0], [-290.74, 85.0], [-351.31, 210.0], [-370.84, 185.0], [-376.26, 35.0], [-394.21, 160.0], [-493.67, 110.0], [-494.77, 135.0]]"
3,GBPUSD,"[[339.92, 110.0], [212.97, 135.0], [210.8, 160.0], [178.24, 185.0], [114.44, 210.0], [78.92, 85.0], [-23.6, 10.0], [-148.76, 35.0], [-493.98, 60.0]]"
3,GBPUSD,"[[1313.3, 135.0], [637.78, 210.0], [596.62, 185.0], [579.91, 160.0], [390.51, 35.0], [249.85, 85.0], [182.89, 60.0], [-23.89, 10.0], [-122.83, 110.0]]"
3,GBPUSD,"[[-40.8, 10.0], [-273.55, 85.0], [-287.14, 35.0], [-472.9, 110.0], [-493.95, 210.0], [-493.98, 60.0], [-494.02, 135.0], [-494.17, 160.0], [-494.34, 185.0]]"
3,GBPUSD,"[[603.33, 210.0], [216.65, 60.0], [159.64, 85.0], [119.99, 10.0], [-5.95, 185.0], [-21.12, 160.0], [-48.24, 35.0], [-87.16, 110.0], [-97.1, 135.0]]"
3,GBPUSD,"[[1672.31, 85.0], [712.32, 60.0], [704.41, 210.0], [623.17, 185.0], [519.04, 35.0], [321.4, 110.0], [222.47, 160.0], [199.75, 135.0], [16.1, 10.0]]"
3,GBPUSD,"[[855.92, 210.0], [776.93, 185.0], [312.43, 60.0], [245.04, 35.0], [179.48, 160.0], [53.14, 85.0], [29.46, 10.0], [-118.42, 110.0], [-219.53, 135.0]]"
3,GBPUSD,"[[697.83, 210.0], [660.11, 185.0], [612.11, 160.0], [523.63, 135.0], [290.79, 85.0], [248.36, 110.0], [223.98, 60.0], [111.43, 10.0], [87.7, 35.0]]"
3,GBPUSD,"[[77.18, 10.0], [-222.94, 60.0], [-468.77, 160.0], [-479.26, 35.0], [-493.33, 85.0], [-493.35, 135.0], [-493.37, 210.0], [-493.37, 185.0], [-493.41, 110.0]]"
3,GBPUSD,"[[3.7, 10.0], [-107.28, 35.0], [-217.15, 60.0], [-398.43, 110.0], [-493.72, 160.0], [-493.77, 210.0], [-493.85, 85.0], [-493.91, 135.0], [-494.04, 185.0]]"
3,GBPUSD,"[[55.51, 160.0], [40.41, 135.0], [-2.07, 185.0], [-40.5, 10.0], [-261.67, 110.0], [-480.88, 35.0], [-494.13, 85.0], [-494.25, 60.0], [-494.44, 210.0]]"
3,GBPUSD,"[[822.14, 135.0], [2.0, 160.0], [-69.41, 60.0], [-105.4, 10.0], [-186.21, 185.0], [-227.41, 35.0], [-271.55, 210.0], [-494.25, 85.0], [-494.32, 110.0]]"
3,GBPUSD,"[[200.57, 85.0], [121.82, 10.0], [-0.46, 60.0], [-149.91, 110.0], [-277.76, 35.0], [-306.98, 210.0], [-455.92, 160.0], [-493.9, 185.0], [-493.92, 135.0]]"
3,GBPUSD,"[[606.07, 160.0], [587.98, 110.0], [494.17, 185.0], [486.2, 135.0], [185.39, 210.0], [79.01, 35.0], [-28.15, 85.0], [-162.1, 10.0], [-493.98, 60.0]]"
3,GBPUSD,"[[43.49, 35.0], [-171.9, 10.0], [-202.4, 60.0], [-494.12, 185.0], [-494.13, 210.0], [-494.25, 160.0], [-494.3, 85.0], [-494.32, 110.0], [-494.42, 135.0]]"
3,GBPUSD,"[[80.66, 60.0], [-6.8, 35.0], [-72.19, 135.0], [-172.2, 10.0], [-494.26, 160.0], [-494.31, 110.0], [-494.34, 85.0], [-494.4, 210.0], [-494.47, 185.0]]"
3,GBPUSD,"[[204.72, 85.0], [186.14, 210.0], [101.38, 35.0], [56.73, 60.0], [-1.5, 10.0], [-493.65, 110.0], [-494.15, 160.0], [-494.78, 185.0], [-494.9, 135.0]]"
3,GBPUSD,"[[140.05, 135.0], [138.63, 60.0], [104.56, 160.0], [28.03, 10.0], [-63.77, 185.0], [-119.12, 210.0], [-316.61, 35.0], [-342.51, 85.0], [-494.95, 110.0]]"
3,GBPUSD,"[[-71.54, 35.0], [-169.8, 10.0], [-495.02, 210.0], [-495.04, 85.0], [-495.17, 185.0], [-498.65, 60.0], [-535.85, 135.0], [-542.6, 160.0], [-589.36, 110.0]]"
3,GBPUSD,"[[248.26, 35.0], [-0.18, 60.0], [-12.78, 210.0], [-164.9, 10.0], [-484.4, 110.0], [-495.13, 185.0], [-495.16, 85.0], [-531.05, 135.0], [-581.36, 160.0]]"
4,GBPUSD,"[[1516.94, 85.0], [1058.99, 110.0], [519.59, 60.0], [72.74, 35.0], [34.7, 10.0], [-492.75, 160.0], [-492.78, 185.0], [-492.81, 210.0], [-493.13, 135.0]]"
4,GBPUSD,"[[-18.79, 35.0], [-140.9, 10.0], [-467.35, 160.0], [-478.4, 135.0], [-492.33, 185.0], [-492.4, 60.0], [-492.55, 210.0], [-493.42, 110.0], [-493.82, 85.0]]"
4,GBPUSD,"[[318.46, 35.0], [203.96, 85.0], [151.14, 110.0], [-16.28, 60.0], [-107.1, 10.0], [-141.61, 135.0], [-493.39, 185.0], [-495.16, 160.0], [-499.87, 210.0]]"
4,GBPUSD,"[[3232.78, 135.0], [434.68, 185.0], [372.07, 110.0], [299.5, 35.0], [-73.84, 10.0], [-97.23, 60.0], [-100.78, 210.0], [-494.22, 85.0], [-494.8, 160.0]]"
4,GBPUSD,"[[114.57, 60.0], [105.06, 10.0], [-214.8, 35.0], [-493.68, 85.0], [-494.18, 210.0], [-494.24, 110.0], [-494.28, 135.0], [-494.36, 185.0], [-494.53, 160.0]]"
4,GBPUSD,"[[198.3, 110.0], [-63.0, 10.0], [-214.37, 35.0], [-479.14, 60.0], [-493.35, 210.0], [-493.47, 185.0], [-494.11, 135.0], [-494.18, 160.0], [-494.46, 85.0]]"
4,GBPUSD,"[[2040.78, 85.0], [814.4, 60.0], [187.82, 110.0], [1.38, 10.0], [-57.29, 135.0], [-219.43, 35.0], [-493.41, 185.0], [-493.51, 210.0], [-493.61, 160.0]]"
4,GBPUSD,"[[1616.62, 185.0], [1321.31, 160.0], [488.36, 60.0], [114.55, 35.0], [-18.8, 10.0], [-494.0, 110.0], [-494.2, 210.0], [-494.31, 135.0], [-494.33, 85.0]]"
4,GBPUSD,"[[-1.89, 10.0], [-479.71, 60.0], [-485.87, 35.0], [-493.53, 185.0], [-493.96, 85.0], [-494.1, 110.0], [-494.11, 135.0], [-495.05, 160.0], [-495.21, 210.0]]"
4,GBPUSD,"[[-31.38, 35.0], [-56.44, 10.0], [-307.15, 60.0], [-493.62, 160.0], [-493.64, 210.0], [-493.65, 110.0], [-493.79, 135.0], [-493.82, 85.0], [-494.11, 185.0]]"
4,GBPUSD,"[[56.82, 60.0], [-100.3, 35.0], [-152.65, 85.0], [-189.37, 10.0], [-469.38, 135.0], [-493.67, 185.0], [-493.7, 110.0], [-493.76, 160.0], [-493.96, 210.0]]"
4,GBPUSD,"[[-35.25, 60.0], [-258.87, 210.0], [-271.94, 35.0], [-345.5, 10.0], [-478.4, 110.0], [-493.67, 160.0], [-493.71, 135.0], [-493.85, 185.0], [-493.85, 85.0]]"
4,GBPUSD,"[[177.25, 110.0], [155.79, 35.0], [140.92, 60.0], [45.41, 160.0], [-215.6, 10.0], [-493.74, 135.0], [-493.92, 210.0], [-493.94, 85.0], [-494.04, 185.0]]"
4,GBPUSD,"[[2579.42, 210.0], [2197.95, 185.0], [1543.19, 110.0], [1132.24, 60.0], [916.66, 85.0], [596.89, 135.0], [304.3, 160.0], [148.32, 35.0], [-311.1, 10.0]]"
4,GBPUSD,"[[523.05, 110.0], [307.04, 60.0], [229.64, 85.0], [-86.6, 10.0], [-244.43, 35.0], [-493.77, 160.0], [-493.84, 135.0], [-493.94, 185.0], [-493.98, 210.0]]"
4,GBPUSD,"[[84.57, 10.0], [40.15, 85.0], [-133.18, 210.0], [-152.7, 185.0], [-175.84, 160.0], [-230.63, 60.0], [-238.47, 35.0], [-493.67, 135.0], [-493.7, 110.0]]"
4,GBPUSD,"[[823.96, 160.0], [665.61, 135.0], [313.59, 185.0], [276.49, 210.0], [65.6, 85.0], [-64.6, 10.0], [-128.76, 110.0], [-131.19, 35.0], [-225.13, 60.0]]"
4,GBPUSD,"[[-13.8, 10.0], [-194.96, 160.0], [-381.66, 35.0], [-473.88, 185.0], [-482.91, 85.0], [-487.12, 60.0], [-493.87, 110.0], [-494.04, 135.0], [-494.1, 210.0]]"
4,GBPUSD,"[[554.33, 210.0], [422.91, 60.0], [241.28, 135.0], [215.42, 85.0], [187.43, 160.0], [124.16, 10.0], [58.96, 185.0], [25.4, 35.0], [-115.52, 110.0]]"
4,GBPUSD,"[[770.86, 210.0], [635.84, 185.0], [298.53, 85.0], [197.31, 160.0], [115.4, 60.0], [91.92, 35.0], [62.59, 10.0], [-255.93, 110.0], [-256.93, 135.0]]"
4,GBPUSD,"[[296.21, 35.0], [224.9, 210.0], [200.55, 160.0], [196.97, 185.0], [135.02, 10.0], [117.71, 135.0], [88.77, 85.0], [-47.63, 110.0], [-107.14, 60.0]]"
4,GBPUSD,"[[-427.74, 10.0], [-472.87, 110.0], [-478.76, 35.0], [-478.78, 210.0], [-478.78, 185.0], [-478.97, 160.0], [-493.39, 60.0], [-493.43, 85.0], [-493.45, 135.0]]"
4,GBPUSD,"[[-480.83, 60.0], [-485.6, 10.0], [-491.81, 35.0], [-493.71, 210.0], [-493.71, 185.0], [-493.83, 135.0], [-493.88, 85.0], [-493.96, 110.0], [-493.98, 160.0]]"
4,GBPUSD,"[[0.23, 210.0], [-111.19, 185.0], [-144.5, 160.0], [-229.88, 35.0], [-397.9, 60.0], [-473.0, 10.0], [-494.11, 135.0], [-494.16, 110.0], [-495.83, 85.0]]"
4,GBPUSD,"[[-387.87, 110.0], [-487.4, 10.0], [-493.8, 210.0], [-493.83, 135.0], [-493.85, 185.0], [-493.85, 60.0], [-493.85, 35.0], [-493.87, 85.0], [-493.92, 160.0]]"
4,GBPUSD,"[[-471.9, 10.0], [-474.8, 60.0], [-480.86, 160.0], [-486.55, 35.0], [-493.94, 85.0], [-494.12, 210.0], [-494.13, 185.0], [-494.16, 135.0], [-494.29, 110.0]]"
4,GBPUSD,"[[-479.7, 10.0], [-494.26, 85.0], [-494.3, 35.0], [-494.34, 135.0], [-494.36, 185.0], [-494.41, 60.0], [-494.46, 110.0], [-494.53, 210.0], [-494.57, 160.0]]"
4,GBPUSD,"[[307.12, 135.0], [194.86, 160.0], [162.22, 35.0], [-111.22, 60.0], [-476.5, 10.0], [-494.36, 210.0], [-494.79, 85.0], [-494.9, 185.0], [-494.93, 110.0]]"
4,GBPUSD,"[[-336.35, 60.0], [-476.5, 10.0], [-494.74, 210.0], [-494.88, 135.0], [-495.05, 35.0], [-495.08, 110.0], [-495.1, 185.0], [-495.26, 160.0], [-498.51, 85.0]]"
4,GBPUSD,"[[239.84, 210.0], [183.98, 185.0], [55.72, 35.0], [-477.9, 10.0], [-495.14, 160.0], [-495.18, 60.0], [-495.31, 135.0], [-559.2, 85.0], [-594.72, 110.0]]"
6,GBPUSD,"[[122.01, 85.0], [110.54, 10.0], [5.71, 210.0], [-6.64, 185.0], [-468.21, 35.0], [-492.86, 110.0], [-493.3, 135.0], [-493.64, 60.0], [-494.03, 160.0]]"
6,GBPUSD,"[[-472.3, 135.0], [-473.62, 110.0], [-486.05, 160.0], [-493.01, 35.0], [-493.54, 210.0], [-493.84, 60.0], [-494.29, 185.0], [-495.9, 10.0], [-496.24, 85.0]]"
6,GBPUSD,"[[917.83, 85.0], [-474.89, 160.0], [-477.86, 60.0], [-481.6, 10.0], [-493.7, 35.0], [-494.47, 135.0], [-494.5, 210.0], [-494.58, 110.0], [-494.62, 185.0]]"
6,GBPUSD,"[[-29.45, 85.0], [-322.6, 35.0], [-475.0, 10.0], [-481.71, 160.0], [-493.27, 60.0], [-493.81, 135.0], [-493.96, 210.0], [-494.2, 110.0], [-494.35, 185.0]]"
6,GBPUSD,"[[41.59, 85.0], [-188.2, 110.0], [-229.99, 60.0], [-474.2, 10.0], [-485.08, 35.0], [-493.61, 160.0], [-493.81, 185.0], [-494.21, 210.0], [-498.85, 135.0]]"
6,GBPUSD,"[[-116.25, 35.0], [-124.5, 10.0], [-484.0, 60.0], [-493.78, 110.0], [-493.99, 210.0], [-493.99, 85.0], [-494.09, 160.0], [-494.11, 135.0], [-494.15, 185.0]]"
6,GBPUSD,"[[63.33, 35.0], [-478.4, 10.0], [-493.58, 135.0], [-493.74, 60.0], [-493.81, 110.0], [-493.82, 160.0], [-493.82, 85.0], [-494.01, 185.0], [-494.04, 210.0]]"
6,GBPUSD,"[[-470.9, 10.0], [-476.12, 110.0], [-483.4, 60.0], [-493.33, 35.0], [-493.5, 135.0], [-493.7, 160.0], [-493.73, 185.0], [-493.92, 85.0], [-533.99, 210.0]]"
6,GBPUSD,"[[-470.1, 10.0], [-490.0, 35.0], [-493.13, 210.0], [-493.78, 85.0], [-493.83, 110.0], [-493.87, 60.0], [-493.9, 160.0], [-494.08, 185.0], [-494.26, 135.0]]"
6,GBPUSD,"[[387.95, 160.0], [231.61, 185.0], [207.32, 60.0], [-33.48, 85.0], [-43.77, 110.0], [-57.58, 135.0], [-351.59, 35.0], [-477.6, 10.0], [-493.81, 210.0]]"
6,GBPUSD,"[[173.83, 85.0], [18.07, 110.0], [-85.0, 60.0], [-91.06, 35.0], [-235.14, 10.0], [-493.66, 135.0], [-493.9, 185.0], [-493.97, 160.0], [-494.06, 210.0]]"
6,GBPUSD,"[[-70.96, 60.0], [-173.32, 135.0], [-203.07, 85.0], [-260.05, 110.0], [-290.33, 160.0], [-307.0, 10.0], [-493.96, 210.0], [-493.98, 185.0], [-494.06, 35.0]]"
6,GBPUSD,"[[1145.44, 160.0], [873.73, 35.0], [841.49, 60.0], [603.44, 185.0], [527.88, 110.0], [455.88, 210.0], [322.19, 135.0], [150.33, 85.0], [-89.31, 10.0]]"
6,GBPUSD,"[[1538.53, 210.0], [1321.95, 185.0], [1186.64, 160.0], [456.1, 35.0], [314.07, 135.0], [264.11, 60.0], [152.28, 110.0], [58.18, 85.0], [-277.84, 10.0]]"
6,GBPUSD,"[[-469.02, 185.0], [-474.3, 10.0], [-478.76, 35.0], [-491.46, 60.0], [-493.33, 85.0], [-493.36, 160.0], [-493.36, 135.0], [-493.37, 210.0], [-493.44, 110.0]]"
6,GBPUSD,"[[106.99, 35.0], [-199.04, 60.0], [-237.67, 85.0], [-477.6, 10.0], [-494.0, 160.0], [-494.09, 210.0], [-494.22, 135.0], [-494.32, 185.0], [-494.4, 110.0]]"
6,GBPUSD,"[[70.88, 10.0], [23.41, 60.0], [-117.44, 35.0], [-493.83, 135.0], [-493.84, 160.0], [-493.86, 185.0], [-493.97, 210.0], [-493.98, 110.0], [-494.06, 85.0]]"
6,GBPUSD,"[[341.24, 60.0], [-475.62, 110.0], [-476.9, 10.0], [-494.13, 160.0], [-494.21, 210.0], [-494.24, 185.0], [-494.27, 135.0], [-494.32, 85.0], [-494.43, 35.0]]"
6,GBPUSD,"[[-54.71, 60.0], [-197.2, 35.0], [-253.9, 210.0], [-477.8, 10.0], [-489.94, 135.0], [-491.36, 110.0], [-494.73, 185.0], [-495.12, 160.0], [-517.05, 85.0]]"
6,GBPUSD,"[[-203.99, 35.0], [-476.23, 185.0], [-480.65, 85.0], [-484.14, 135.0], [-495.14, 110.0], [-495.22, 210.0], [-510.4, 10.0], [-514.93, 60.0], [-578.81, 160.0]]"
